experiments/06-reference-feedback/a1-vague.scrim  tempo 240  beats 7  bars 4
  keys     0 3 8 12                | 0 3 8 13                | 2 4 8 11                | 0 3 8 11                
  pad      0                       | -                       | -                       | 8                       
  bass     0 3 4 6 8 10 11 12 13   | 0 3 4 6 8 10 11 12 13   | 2 3 5 7 9 10 11 12 13   | 0 3 4 6 8 10 11 12 13   
  kick     0 6 8                   | 0 6 8 13                | 6 8                     | 0 6 8 11                
  snare    2 4 7 9 11 13           | 2 4 7 9 11              | 1 3 4 7 9 11 13         | 2 4 7 11 12 13          
  hat      0 1 2 3 4 5 6 7 8 9 10 11 12 13| 0 1 2 3 4 5 6 7 8 9 10 11 12| 1 2 3 4 5 6 7 8 9 10 11 12 13| 0 1 2 3 4 5 6 7         
  ohat     -                       | 13                      | -                       | 8 11                    
  crash    0                       | -                       | -                       | -                       
experiments/06-reference-feedback/a2-vague.scrim  tempo 240  beats 7  bars 4
  keys     0 3 4 8 13              | 4 8 12 13               | 3 4 8 11                | 0 3 4 8                 
  pad      0                       | -                       | -                       | 8                       
  bass     0 3 4 7 8 10 11 12 13   | 0 3 4 7 8 10 11 12 13   | 0 3 4 7 8 10 11 12 13   | 0 3 4 7 8 10 11 12 13   
  kick     0 8 11                  | 0 3 8 11                | 0 8 11 13               | 0 3 8                   
  snare    2 4 7 9 12              | 2 4 7 9 12              | 2 4 7 9 11 12           | 2 4 7 8 10              
  hat      0 1 2 3 4 5 6 7 8 9 10 11 12 13| 0 1 2 3 4 5 6 7 8 9 10 11 12 13| 0 1 2 3 4 5 6 7 8 9 10 11 12 13| 0 1 2 3 4 5             
  ohat     -                       | -                       | -                       | 6                       
  crash    0                       | -                       | -                       | -                       
  tomhi    -                       | -                       | -                       | 10 11                   
  tommid   -                       | -                       | -                       | 12                      
  tomlo    -                       | -                       | -                       | 13                      
experiments/06-reference-feedback/a3-vague.scrim  tempo 240  beats 7  bars 4
  keys     0 4 8 11.08 13.08       | 4 8 11.08 13.08         | 4 7.08 8 12             | 0 4 8 11.08             
  pad      0                       | -                       | -                       | 8                       
  bass     0 2 4 7.08 8 11.08 12 13.08| 0 2 4 7.08 8 11.08 12 13.08| 0 2 4 7.08 8 11.08 12 13.08| 0 2 4 7.08 8 10 11.08 12 13.08
  kick     0 8 11.08 13.08         | 0 3.08 8 11.08 13.08    | 0 6 8 11.08             | 0 8 11.08               
  snare    2 4 7.08 9.08 10 12     | 2 4 6 9.08 12           | 2 4 7.08 9.08 10 12     | 2 4 8 9.08 10 11.08 12 13.08
  hat      0 1.08 2 3.08 4 5.08 6 7.08 8 9.08 10 11.08 12 13.08| 0 1.08 2 3.08 4 5.08 6 7.08 8 9.08 10 11.08 12 13.08| 0 1.08 2 3.08 4 5.08 6 7.08 8 9.08 10 11.08 12| 0 1.08 2 3.08 4 5.08 6 7.08 8
  ohat     -                       | -                       | 13.08                   | -                       
  crash    0                       | -                       | -                       | -                       
experiments/06-reference-feedback/b1-ref.scrim  tempo 240  beats 7  bars 4
  lh       0 10 13.33              | 7.33 13.33              | 5.33 10                 | 2 7.33                  
  rh       0 2 3.33 4 8 9.33 10 12 | 2 3.33 4 8 9.33 10 12   | 0 6 7.33 8 9.33 10      | 2 3.33 4 6 8 10 11.33 12 13.33
  bass     0 2 4 6 8 10 12         | 0 2 4 6 8 10 12         | 0 2 4 6 8 10 12         | 0 2 4 6 8 10 12         
  ride     0 2 3.33 4 6 7.33 8 10 12 13.33| 0 2 3.33 4 6 7.33 8 10 12 13.33| 0 2 3.33 4 6 7.33 8 10 12 13.33| 0 2 3.33 4 6 7.33 8 10 12 13.33
  hat      2 6 10                  | 2 6 10                  | 2 6 10                  | 2 6 10                  
  snare    7.33                    | 9.33 13.33              | 2 11.33                 | 7.33 10 12 13.33        
  kick     0                       | 0                       | 0                       | 0 7.33                  
experiments/06-reference-feedback/b2-ref.scrim  tempo 120  beats 7  bars 4
  lh       3.28 11.28              | 0 7.28                  | 2 7.28                  | 0 7.28 11.28            
  rh       0 4 5.28 6 7.28 8 10 11.28 13.28| 3.28 4 5.28 6 8 9.28 10 | 2 3.28 4 5.28 6 8 9.28 10 11.28 12 13.28| 0 5.28 6 7.28 10 11.28 12 13.28
  bass     0 2 4 6 8 10 12         | 0 2 4 6 8 10 12         | 0 2 4 6 7.28 8 10 12    | 0 2 4 6 8 10 12         
  ride     0 2 3.28 4 6 7.28 8 10 11.28 12| 0 2 3.28 4 6 7.28 8 10 11.28 12| 0 2 3.28 4 6 7.28 8 10 11.28 12| 0 2 3.28 4 6 7.28 8 10 12 13.28
  hat      2 6 10                  | 2 6 10                  | 2 6 10                  | 2 6 10                  
  snare    0 7.28 10               | 5.28 11.28              | 2 7.28 12               | 7.28 9.28 11.28 12 13.28
  kick     0 4 8                   | 0 7.28 8                | 0 4 8                   | 0 7.28                  
experiments/06-reference-feedback/b3-ref.scrim  tempo 240  beats 7  bars 4
  comp     1.22 8 13.22            | 3.22 9.22 13.22         | 3.22 8 11.22            | 2 7.22                  
  line     0 4 5.22 6 9.22 10 11.22 12 13.22| 2 3.22 4 6 11.22 12 13.22| 0 10 11.22 12 13.22     | 0 4 5.22 6 7.22 10 11.22 12 13.22
  bass     0 2 4 6 8 10 12         | 0 2 4 6 8 10 12         | 0 2 4 6 8 10 12         | 0 2 4 6 8 10 12         
  ride     0 2 3.22 4 6 7.22 8 10 12 13.22| 0 2 3.22 4 6 7.22 8 10 12 13.22| 0 2 3.22 4 6 7.22 8 10 12 13.22| 0 2 3.22 4 6 7.22 10 12 13.22
  hat      2 6 10                  | 2 6 10                  | 2 6 10                  | 2 6 10                  
  snare    3.22 10 13.22           | 2 7.22 9.22             | 3.22 10 13.22           | 1.22 3.22 7.22 9.22 11.22 12 13.22
  kick     0 4 8                   | 0 4 8                   | 0 4 8                   | 0 7.22                  
experiments/06-reference-feedback/c1-spelled.scrim  tempo 240  beats 7  bars 4
  keys     0 4 8 11                | 0 4 8 11                | 0 4 8 11                | 0 4 8 11                
  pad      0                       | -                       | -                       | 8                       
  bass     0 4 8 11 13             | 0 4 8 11 13             | 0 4 8 11 13             | 0 4 8 11 13             
  kick     0 8                     | 0 8                     | 0 8                     | 0 8 11                  
  snare    2 4 9 11 13             | 2 4 9 11 13             | 2 4 9 11 13             | 2 4 8 9 10 11 12 13     
  hat      0 2 4 6 8 10 11 13      | 0 2 4 6 8 10 11 13      | 0 2 4 6 8 10 11 13      | 0 2 4 6 8 11            
  crash    0                       | -                       | -                       | -                       
experiments/06-reference-feedback/c2-spelled.scrim  tempo 240  beats 7  bars 4
  keys     0 4 8 11                | 0 4 8 11                | 0 4 8 11                | 0 4 8 11                
  pad      0                       | -                       | -                       | 8                       
  bass     0 4 8 11                | 0 4 8 11                | 0 4 8 11                | 0 4 8 11 13             
  kick     0 8                     | 0 8                     | 0 8                     | 0 8                     
  snare    2 4 10 11               | 2 4 10 11               | 2 4 10 11               | 2 4 10 11 12 13         
  hat      0 2 4 6 8 11            | 0 2 4 6 8 11            | 0 2 4 6 8 11            | 0 2 4 6 8 11            
  crash    0                       | -                       | -                       | -                       
experiments/06-reference-feedback/c3-spelled.scrim  tempo 240  beats 7  bars 4
  keys     0 4 8 11                | 0 4 8 11                | 0 4 8 11                | 0 4 8 11                
  pad      0                       | -                       | -                       | 8                       
  bass     0 4 8 11                | 0 4 8 11                | 0 4 8 11                | 0 4 8 11 13             
  kick     0 8                     | 0 8                     | 0 8                     | 0 8 11                  
  snare    2 4 11 13               | 2 4 11 13               | 2 4 11 13               | 2 4 8 9 10 11 12 13     
  hat      0 2 4 6 8 10 11 13      | 0 2 4 6 8 10 11 13      | 0 2 4 6 8 10 11 13      | 0 2 4 6 8 11            
  crash    0                       | -                       | -                       | -                       
